randomballs
grid
sorted
mid
fixed
#########
15.50
14.41
14.26
14.66
14.72
14.91
15.09
15.21
15.20
14.97
14.83
14.64
14.80
14.57
14.88
15.14
15.56
14.89
14.93
14.74
14.96
15.22
14.78
15.30
14.61
14.91
15.20
14.50
14.15
14.42
14.41
14.26
14.41
14.38
14.42
14.06
14.31
14.11
14.41
14.29
14.43
14.62
14.08
14.40
14.35
14.39
14.34
14.28
14.22
14.07

KONIJNEN MET WEINIG CELLEN

teapots
grid
sorted
mid
fixed
#########
teapots
grid
sorted
mid
fixed
#########
75.63
84.61
70.42
66.51
70.72
69.16
77.73
71.69
68.18
64.08
81.27
68.66
59.55
64.00
64.85
73.18
62.68
63.15
65.88
69.20
61.59
71.38
64.04
66.56
75.75
64.41
68.25
69.88
71.34
62.83
72.54
74.31
74.20
54.05
65.58
68.61
77.79
77.08
78.77
86.21
78.63
76.80
81.88
100.69
80.87
76.55
73.57
66.92
72.24
70.22


KONIJNEN MET GENOEG CELLEN

teapots
grid
sorted
mid
fixed
#########
467.93
513.06
495.89
439.37
589.25
588.06
670.87
436.61
512.18
526.26
556.61
465.03
515.56
485.40
464.76
513.83
479.04
