
randomballs
bvh
geometric
#########
randomballs
bvh
geometric

#########
2.30
1.59
1.66
1.64
1.61
1.69
2.03
1.71
1.68
1.58
1.61
1.61
1.59
1.62
1.65
1.62
1.61
1.59
1.66
1.61
1.60
1.65
1.62
1.64
1.64
1.61
1.64
1.66
1.70
1.63
1.59
1.92
1.95
1.77
1.67
1.63
1.62
1.60
1.62
1.64
1.70
1.61
2.15
1.63
1.65
1.60
1.64
1.65
1.64
1.67
1.63
1.60
1.64
1.64
1.62
1.65
1.66
1.61
1.63
1.64
1.66
1.90
1.81
1.69
1.64
1.66
1.70
1.64
1.63
1.63
1.63
1.74
1.82
1.89
1.91
1.94
1.96
1.93
1.90
2.02
1.76
1.86
1.80
1.80
2.87
2.35
2.12
2.19
1.91
2.04
1.89
1.91
1.98
2.00
1.98
2.02
2.00
2.01
2.01
1.98
randomballs
bvh
sorted

#########
1.43
1.29
1.10
1.04
1.10
1.08
1.10
1.13
1.12
1.21
1.34
1.21
1.17
1.17
1.12
1.13
1.09
1.06
1.22
1.12
1.09
1.08
1.13
1.17
1.12
1.17
1.15
1.09
1.26
1.22
1.21
1.25
1.17
1.20
1.19
1.13
1.12
1.10
1.10
1.19
1.10
1.11
1.04
1.41
1.14
1.25
1.25
1.20
1.20
1.10
1.18
1.18
1.21
1.16
1.07
1.02
1.08
1.07
1.09
1.08
1.06
1.10
1.00
1.05
1.14
1.05
1.06
1.06
1.09
1.09
1.03
1.06
1.08
1.08
1.10
1.11
1.03
1.07
1.04
1.06
1.07
1.10
1.07
1.09
1.09
1.09
1.18
1.15
1.13
1.08
1.04
1.08
1.14
1.18
1.19
1.13
1.12
1.10
1.10
1.08
randomballs
grid


#########
36.96
36.22
35.00
32.34
30.68
29.87
33.28
35.07
35.85
36.07
33.83
34.60
30.56
29.28
29.22
29.71
30.17
30.90
30.93
30.42
30.42
35.75
30.24
30.39
30.48
30.74
31.21
30.43
30.51
30.73
30.38
30.01
30.27
28.85
28.95
29.13
29.55
29.16
29.16
28.84
28.84
28.77
28.84
28.62
28.29
33.41
28.94
29.50
28.86
28.73
28.78
29.32
28.66
28.67
28.78
29.23
29.11
29.02
29.40
29.57
29.34
29.74
29.49
31.59
31.84
30.25
30.53
30.36
29.99
30.10
31.01
29.83
29.79
30.97
30.57
29.91
36.59
30.26
30.45
30.57
30.19
30.06
30.24
30.04
30.07
30.78
29.83
30.19
30.22
30.19
30.78
29.96
30.33
29.47
29.67
29.43
30.75
30.15
32.82
30.87




cornerballs
bvh
geometric

#########
1.53
1.15
1.09
1.05
1.10
1.05
1.06
1.09
1.08
1.10
1.15
1.13
1.13
1.20
1.11
1.05
1.12
1.16
1.07
1.07
1.08
1.12
1.11
1.10
1.09
1.08
1.09
1.12
1.09
1.07
1.08
1.07
1.09
1.08
1.08
1.09
1.10
1.08
1.10
1.07
1.05
1.07
1.10
1.04
1.04
1.05
1.09
1.06
1.08
1.09
1.05
1.09
1.07
1.07
1.06
1.09
1.09
1.10
1.05
1.06
1.05
1.08
1.11
1.13
1.06
1.04
1.03
1.08
1.06
1.05
1.07
1.05
1.07
1.06
1.08
1.11
1.09
1.10
1.13
1.07
1.07
1.06
1.05
1.06
1.05
1.10
1.07
1.07
1.04
1.05
1.07
1.06
1.09
1.07
1.09
1.05
1.05
1.06
1.07
1.05


cornerballs
bvh
sorted

#########
0.94
0.66
0.78
0.62
0.77
0.65
0.68
0.70
0.66
0.59
0.60
0.61
0.62
0.63
0.61
0.62
0.60
0.61
0.65
0.62
0.61
0.63
0.60
0.62
0.60
0.65
0.61
0.61
0.64
0.69
0.68
0.67
0.67
0.67
0.65
0.63
0.63
0.62
0.65
0.64
0.63
0.63
0.67
0.60
0.62
0.62
0.62
0.65
0.65
0.64
0.64
0.63
0.61
0.59
0.64
0.61
0.62
0.59
0.61
0.65
0.64
0.64
0.61
0.61
0.60
0.60
0.58
0.67
0.62
0.61
0.62
0.61
0.63
0.58
0.59
0.60
0.65
0.64
0.66
0.65
0.61
0.62
0.62
0.62
0.60
0.62
0.61
0.63
0.59
0.66
0.61
0.65
0.65
0.66
0.64
0.64
0.64
0.62
0.62
0.67
cornerballs
grid


#########
21.78
21.57
21.20
21.09
20.85
20.92
21.12
21.28
21.62
21.34
21.13
21.79
21.53
21.36
21.65
21.64
21.36
21.65
21.26
21.34
21.62
21.97
21.83
21.48
21.36
21.58
21.72
21.53
21.16
21.36
21.48
21.43
21.19
21.13
21.64
21.20
21.20
21.65
21.32
21.05
21.53
21.22
21.33
21.08
21.29
21.23
21.43
21.37
21.15
21.66
21.75
21.67
21.54
21.36
21.07
21.22
21.56
21.95
21.21
21.39
21.37
21.19
21.59
21.70
21.72
21.79
21.78
22.22
21.86
21.51
21.67
21.68
21.48
21.48
21.63
21.60
21.84
21.70
21.35
21.30
21.42
21.39
21.50
21.22
21.17
21.31
21.66
21.81
21.18
21.12
21.50
21.28
21.43
22.17
21.94
21.61
22.42
22.13
21.80
22.18


teapots
bvh
geometric
mid
#########
14.42
13.62
13.44
12.97
15.28
12.04
12.00
10.11
12.57
9.87
10.99
12.52
10.88
10.62
11.37
13.00
16.28
12.77
10.61
11.00
11.25
18.31
12.56
12.99
10.78
13.92
13.40
12.70
10.91
11.65
13.07
10.89
13.60
14.93
16.36
12.56
10.13
13.31
13.39
12.57
12.10
12.21
12.51
13.62
13.53
14.87
12.14
12.78
10.82
13.47
10.59
13.66
10.60
14.77
11.77
13.10
10.74
11.36
12.31
15.18
14.65
10.62
14.68
12.89
13.50
12.29
14.05
11.09
14.15
12.21
12.38
21.11
13.32
13.22
12.23
12.58
12.77
10.99
12.96
13.21
12.14
11.63
12.18
11.82
13.16
14.00
11.53
13.94
11.24
12.35
11.05
11.55
14.48
12.80
12.06
18.04
12.78
12.38
12.99
10.69
teapots
bvh
geometric
min
#########
17.92
19.16
16.78
18.00
20.10
17.04
19.72
22.06
20.51
17.39
17.65
18.16
18.18
16.90
20.67
17.75
17.98
19.44
19.12
20.62
17.11
17.49
17.93
18.34
15.96
18.80
21.54
19.35
17.02
24.30
18.93
17.83
19.03
18.81
19.83
17.33
20.20
18.82
17.78
19.57
20.19
18.41
19.41
17.46
17.28
19.27
18.71
20.65
21.38
18.72
20.26
19.49
18.36
17.90
16.36
16.86
17.92
22.39
16.96
18.79
23.07
17.66
18.45
19.44
20.22
19.72
18.10
18.66
19.24
21.15
18.01
17.02
19.20
18.22
17.08
17.11
17.37
18.51
17.62
17.73
16.22
17.44
17.56
17.92
20.29
18.47
18.21
18.60
22.34
20.12
21.93
19.63
19.74
17.85
15.96
16.76
17.70
16.89
19.42
16.51
teapots
bvh
sorted
mid
#########
5.61
5.68
5.55
5.87
5.83
5.94
5.64
5.62
5.61
5.59
5.59
5.53
5.58
5.73
5.51
5.50
5.50
5.49
5.60
5.64
6.52
5.95
5.91
6.42
5.83
5.90
5.81
6.14
5.70
5.66
5.83
5.77
5.90
5.69
5.90
5.97
6.33
5.83
5.87
5.77
5.95
5.79
6.13
5.73
5.83
5.90
6.02
6.07
5.94
6.18
6.26
5.78
6.07
5.69
5.76
5.94
5.92
5.92
5.79
5.85
6.33
5.90
5.88
5.87
5.92
5.81
5.91
5.92
5.73
5.91
5.85
6.18
5.94
5.97
5.91
5.93
6.02
5.91
5.94
5.88
5.93
6.00
5.85
6.36
6.03
5.90
6.02
6.04
6.08
6.03
5.99
6.15
6.03
6.17
6.13
6.09
6.06
6.14
6.31
6.07
6.03
teapots
bvh
sorted
min
#########
