
teapots
bvh
geometric
min
fixed
#########
20.86
17.52
19.02
18.95
18.71
19.44
18.88
17.02
17.23
19.12
18.85
18.04
19.84
19.31
21.20
20.71
21.40
18.82
20.23
19.03
18.26
19.43
18.61
20.30
18.58
19.00
21.09
23.54
19.87
18.81
24.83
17.67
19.29
19.75
20.41
17.54
18.51
19.22
22.04
18.79
17.71
19.94
20.14
19.93
18.98
17.41
18.30
17.47
18.32
21.17
teapots
bvh
geometric
max
fixed
#########
26.69
26.09
26.09
26.99
26.75
27.16
27.60
28.30
24.70
28.29
24.50
28.23
24.50
26.66
33.49
34.35
32.72
30.36
32.33
24.29
32.26
32.27
33.05
34.25
33.10
29.75
28.89
32.50
30.40
36.90
30.18
31.30
31.57
31.35
31.35
29.89
32.10
27.78
35.46
32.20
31.60
32.53
32.33
31.59
38.54
36.01
29.91
31.90
31.04
36.28
teapots
bvh
geometric
mid
fixed
#########
13.80
15.04
14.16
14.54
12.72
17.84
16.19
13.92
14.04
13.42
12.58
14.99
12.31
17.57
14.92
15.31
13.90
16.35
13.49
15.51
13.39
13.83
14.84
15.03
12.99
25.34
21.28
22.03
14.59
19.79
12.72
14.69
13.43
22.20
19.57
17.31
12.26
14.74
14.58
15.68
15.73
15.37
13.16
12.76
13.70
14.36
15.46
12.46
14.63
15.69
teapots
bvh
sorted
min
fixed
#########
7.30
7.38
7.25
7.16
7.24
7.25
7.35
7.28
7.27
7.24
7.24
7.08
7.17
7.29
7.27
7.26
7.13
7.18
7.16
7.06
7.42
7.27
7.38
7.34
7.20
7.29
7.41
7.28
7.14
7.32
7.13
7.30
7.30
7.33
7.37
7.35
7.43
7.40
7.21
7.14
7.33
7.33
7.35
7.32
7.26
7.31
7.47
7.28
7.13
7.41
teapots
bvh
sorted
max
fixed
#########
