teapots
bvh
geometric
min
fixed
#########
teapots
bvh
geometric
min
fixed
#########
11.97
11.93
teapots
bvh
geometric
min
fixed
#########
13.40
18.35
13.13
19.04
15.81
10.29
9.78
18.98
17.70
32.22
9.33
15.87
9.90
10.79
9.16
10.39
30.38
16.32
10.89
28.29
11.76
10.08
12.54
15.51
11.06
13.34
11.88
14.02
10.42
14.80
19.41
18.05
11.74
10.03
10.14
13.20
11.85
13.47
9.73
16.84
13.00
10.45
9.92
12.01
13.96
22.18
14.11
17.53
13.73
8.64
teapots
bvh
geometric
max
fixed
#########
20.31
20.11
10.81
19.56
11.24
18.89
16.70
20.64
15.41
20.03
11.88
13.37
31.99
26.90
18.63
18.22
19.88
15.04
14.17
16.73
15.05
14.45
12.44
11.43
15.73
21.28
15.02
15.30
21.14
12.96
14.41
14.43
14.81
24.14
19.14
27.89
12.86
27.13
17.72
13.00
12.48
19.29
16.65
14.14
17.86
16.52
17.12
19.25
21.62
23.23
teapots
bvh
geometric
mid
fixed
#########
12.13
12.57
12.46
12.45
19.60
21.23
9.63
14.51
15.60
10.85
23.17
10.70
13.99
11.62
9.90
15.01
10.45
12.56
13.69
17.03
12.35
17.88
24.95
13.94
9.72
11.52
16.67
11.63
15.68
15.62
10.01
11.38
30.21
9.30
9.18
14.94
18.98
9.96
9.09
15.91
33.66
10.24
7.63
9.39
10.71
9.96
22.68
19.45
12.13
25.45
bunnies
bvh
geometric
mid
fixed
#########
4.75
4.70
5.03
5.04
3.74
7.07
16.60
11.86
8.27
13.74
4.75
4.78
5.45
6.29
10.27
4.96
11.49
22.15
7.18
7.80
7.48
11.59
7.65
7.93
7.26
5.21
9.41
11.66
13.47
6.14
7.30
7.43
8.60
8.66
11.43
8.66
4.92
10.15
11.66
7.27
6.06
10.82
15.37
7.83
6.95
5.19
8.84
11.46
14.91
12.60
bunnies
bvh
sorted
mid
fixed
#########
1.14
1.03
1.03
1.08
1.19
1.00
1.05
1.08
1.08
1.04
1.14
1.13
0.97
1.00
1.00
1.10
1.01
1.13
1.08
1.12
1.14
0.99
1.01
1.05
1.03
1.12
1.03
1.16
1.20
1.12
1.05
1.06
1.10
1.10
1.04
1.09
1.14
1.10
0.99
0.98
1.08
1.05
1.10
1.08
1.10
1.16
1.10
0.96
0.95
1.03
randomballs
grid MET N = #OBJECTS
sorted
mid
fixed
#########
36.89
31.58
35.53
35.77
34.80
31.08
36.52
35.28
35.82
35.45
35.61
35.52
35.23
34.66
35.48
34.63
32.50
30.97
34.30
34.99
30.91
33.35
34.99
34.46
33.48
33.96
34.08
33.73
33.95
33.71
34.68
34.00
32.64
33.29
33.04
32.98
33.71
34.11
32.99
32.94
28.49
30.55
31.54
33.06
33.79
32.94
33.40
33.25
33.39
33.45

GRID MET MEER CELLEN DAN OBJECTS

randomballs
grid
sorted
mid
fixed
#########
294.50
290.66
362.20
298.17
295.93
301.26
284.05
301.57
308.19
296.81
290.81
309.68
308.14
316.88
335.96
394.82
345.33
304.26
320.10
353.45
345.47
343.47
372.06
354.37
344.40
354.78
383.99
359.78
355.21
358.78
362.53
364.38
379.13
384.04
356.96
363.70
302.05
295.02
290.35
284.91
278.87
285.04
284.93
297.37
366.81
333.40
320.02
330.63
328.90
323.30

BALLS MET MINDER CELLEN


randomballs
grid
sorted
mid
fixed
#########
15.84
14.82
14.99
14.54
14.74
15.05
15.16
14.54
14.52
14.62
14.50
14.29
14.32
14.61
14.75
14.43
14.32
14.01
14.07
14.09
14.52
14.25
14.18
14.05
14.19
14.28
14.26
14.24
14.12
13.96
13.93
14.08
13.99
14.62
14.47
14.42
13.75
14.28
14.05
14.15
14.23
14.13
14.29
14.18
14.29
14.81
14.53
14.83
14.84
14.52
teapots
grid
sorted
mid
fixed
#########
3160.98
