randomballs
grid
sorted
mid
fixed
#########
35.69
30.08
31.61
34.61
32.49
34.55
34.12
32.36
34.75
34.18
33.59
34.30
33.73
34.18
33.83
33.82
34.20
33.91
33.94
34.18
33.60
33.63
33.79
33.98
34.25
34.58
33.26
31.41
33.40
32.50
32.21
30.44
31.83
33.14
31.35
33.34
28.68
33.32
34.15
34.38
33.76
32.65
33.10
33.35
34.50
34.88
33.00
35.31
33.50
29.21
cornerballs
grid
sorted
mid
fixed
#########
21.99
21.97
22.22
22.48
21.43
22.49
22.64
22.17
21.69
21.59
22.53
22.57
22.72
22.21
21.58
22.28
22.48
22.33
22.45
22.83
22.48
21.85
21.60
21.73
21.67
21.80
21.76
21.56
21.24
21.46
21.53
21.57
21.17
21.53
21.29
21.69
21.27
21.41
21.99
21.92
22.54
21.91
22.27
21.73
22.63
21.50
22.10
22.53
22.26
22.44
teapots
bvh
geometric
min
fixed
#########
22.14
9.61
10.73
9.34
17.03
12.52
29.29
11.01
13.22
15.15
17.36
11.08
18.27
15.85
11.78
9.55
9.70
8.55
10.90
11.41
10.40
9.93
12.37
11.05
7.42
13.83
10.11
10.09
8.30
8.68
16.29
8.62
9.05
14.35
11.28
14.77
9.31
19.55
9.91
23.27
16.00
12.00
9.46
9.08
9.23
10.50
13.40
11.02
12.66
8.98
teapots
bvh
geometric
max
fixed
#########
16.43
11.18
14.70
10.44
14.94
14.72
12.61
12.42
13.41
20.13
25.44
18.83
10.85
13.26
15.12
13.18
9.99
20.97
13.99
13.66
12.70
14.44
19.55
11.29
12.93
17.05
16.52
11.42
15.45
12.09
11.71
14.56
12.52
24.46
18.99
12.70
11.69
10.11
15.71
12.06
15.61
11.27
15.90
20.98
13.62
24.99
14.57
13.12
12.62
15.28
teapots
bvh
geometric
mid
fixed
#########
10.10
14.74
11.20
10.23
10.98
14.32
8.60
15.27
13.05
14.85
9.93
10.22
8.12
19.06
10.00
7.78
13.73
9.23
30.95
15.18
16.92
7.60
11.96
9.43
9.13
8.53
8.54
9.40
13.81
12.49
9.27
10.81
15.34
14.86
23.12
7.63
10.35
9.65
8.53
11.52
10.86
13.07
12.21
18.33
17.75
7.90
7.98
8.23
9.80
20.60
bunnies
bvh
geometric
mid
longest
#########
5.75
2.71
4.70
6.47
6.50
10.34
5.22
5.55
8.66
4.30
9.61
4.94
4.94
3.84
3.79
3.84
3.49
6.02
4.28
5.11
2.77
3.45
3.32
6.46
4.76
4.22
6.09
4.95
4.82
2.85
4.69
4.10
6.29
2.87
4.69
4.63
4.78
4.32
4.04
3.73
3.69
5.67
3.49
5.97
10.70
3.24
11.74
3.44
5.29
4.34
bunnies
bvh
sorted
mid
longest
#########
0.77
0.73
0.67
0.69
0.68
0.76
0.66
0.62
0.66
0.69
0.67
0.68
0.76
0.72
0.74
0.78
0.65
0.68
0.65
0.65
0.64
0.70
0.76
0.75
0.74
1.38
0.62
0.61
0.64
0.66
0.67
0.69
0.71
0.80
0.78
1.44
0.70
0.64
0.64
0.65
0.61
0.64
0.66
0.64
0.73
0.69
0.61
0.59
0.64
0.62




